sample	S1	S2	S3	S4	S5
PGENE_1T	5.21E-08	0.041724057	3.86E-15	0.231060986	0.727214905
PGENE_2T	0.800869836	2.39E-07	0.199125329	4.60E-06	3.99E-15
PGENE_4T	3.96E-15	0.093441205	0.061296672	0.20447655	0.640785573
PGENE_5T	0.081809606	1.24E-08	0.661663997	0.099105165	0.15742122
PGENE_6T	0.301428279	0.367774117	0.166284997	4.09E-15	0.164512607
PGENE_8T	0.168598211	0.483871167	0.124345069	9.86E-08	0.223185454
PGENE_9T	0.288180378	0.089286104	0.099753628	0.097824924	0.424954965
PGENE_10T	4.02E-15	0.309851667	0.060805671	0.067400456	0.561942206
AC_WGS_1T	0.321141406	0.19338024	0.00505809	0.033249576	0.447170689
AC_WGS_2T	3.85E-15	3.85E-15	0.195578936	0.619692124	0.18472894
AC_WGS_4	1.54E-08	0.163495473	0.053594473	0.781624803	0.001285235
AC_WGS_5	0.139629616	0.499442193	0.277452737	0.083475453	4.23E-15
AC_WGS_6	0.014289495	0.198675927	3.71E-15	0.35006474	0.436969838
AC_WGS_9T	0.132291799	0.145836821	0.629476688	0.029175263	0.063219428
AC_WGS_10	0.138902523	0.578941443	0.236239682	0.008673951	0.0372424
AC_WGS_44	0.999998167	7.34E-08	4.37E-07	3.59E-15	1.32E-06
AC_WGS_12	0.236034144	0.001584864	0.444676169	0.317704823	4.37E-15
AC_WGS_13T	0.050865553	0.162808491	0.380844835	0.084181187	0.321299934
AC_WGS_15	0.172895523	0.173429705	0.405244515	0.189286406	0.059143851
AC_WGS_17	0.071461154	0.603838979	0.150577559	0.036146191	0.137976118
AC_WGS_18T	0.237460401	1.62E-13	0.762539436	2.24E-10	1.63E-07
AC_WGS_20T	0.296137851	5.00E-15	0.703861961	5.00E-15	1.88E-07
AC_WGS_22	0.094389961	0.078259833	3.44E-15	0.665489439	0.161860768
AC_WGS_23	0.077116844	0.167625367	0.046403399	0.097401034	0.611453356
AC_WGS_24	0.849312789	0.06037275	3.57E-15	0.090314461	3.57E-15
AC_WGS_25	1.80E-07	0.171934371	0.750777293	0.016553033	0.060735122
AC_WGS_26	0.445774797	0.021420765	0.114281327	0.205281456	0.213241655
AC_WGS_27	1.37E-07	0.167533866	0.045838176	0.613579535	0.173048286
AC_WGS_30	0.080149717	0.272719892	0.26721474	0.225868659	0.154046992
AC_WGS_31	0.999998833	1.86E-07	5.33E-08	1.32E-07	7.95E-07
AC_WGS_32	3.33E-07	0.25665483	0.139014303	0.315608519	0.288722016
AC_WGS_33	0.009402793	0.077783886	0.007833503	0.073607741	0.831372076
AC_WGS_34	0.028839075	0.156752584	1.58E-11	4.01E-15	0.814408341
AC_WGS_35	4.64E-07	0.010906248	0.973438941	5.56E-15	0.015654347
AC_WGS_36	3.86E-08	0.138550199	3.58E-15	0.541701494	0.319748268
AC_WGS_39	0.078727481	0.156810175	0.040954412	0.353397473	0.370110458
AC_WGS_40	4.56E-07	2.83E-08	0.999999437	5.60E-15	7.87E-08
AC_WGS_41	0.067551581	0.170750828	3.81E-15	0.216419022	0.54527857
AC_WGS_42	0.420744007	4.49E-10	0.579255636	9.38E-09	3.47E-07
AC_WGS_43	0.623316035	0.044303555	0.313710946	0.018669464	4.22E-15
AC_WGS_45	0.999998167	7.34E-08	4.37E-07	3.59E-15	1.32E-06
AC_WGS_46	2.63E-07	0.001534433	0.992409383	0.00605592	5.58E-15
AC_WGS_49	0.630205451	0.085280093	0.176749473	0.001668061	0.106096922
AC_WGS_50	1.52E-07	0.144773095	0.163598229	0.172671114	0.51895741
AC_WGS_51	0.027154574	3.72E-15	0.161660143	0.692901323	0.11828396
AC_WGS_52	0.166872266	0.085957751	0.58777015	0.159399833	4.73E-15
AC_WGS_53	1.38E-07	0.041669177	0.929065108	0.029265577	5.46E-15
AC_WGS_11	0.127204533	0.02578139	0.468728897	0.37828518	4.40E-15
AC_WGS_37	0.077758874	0.068605111	0.737233102	0.088665211	0.027737701
RC596TH1	0.404712307	4.51E-15	0.480044748	0.115242944	4.51E-15
RC597TH1	0.187901253	0.638849455	0.135412827	0.037834667	1.80E-06
RC598TH1	0.107085155	0.226043017	0.551006722	0.082153569	0.033711537
RC599TH1	0.049598686	6.31E-08	0.930418518	0.019982732	5.45E-15
RC602TH1	0.18762961	0.101198535	0.395217088	4.55E-15	0.315954767
RC603TH1	0.056587314	0.487445433	3.74E-14	0.143692786	0.312274467
